332.8331
296.2678
521.4186
344.6656
270.2215
297.6287
172.1539
208.4586
397.5559
392.1776
412.4722
236.5167
393.9703
360.7694
314.3298
325.8695
236.4525
382.8111
223.1379
157.966
404.5705
399.6913
476.265
428.4874
267.0779
580.49
667.0016
545.9663
267.5332
169.4825
172.6535
231.8609
155.8112
335.2731
305.0693
457.1471
359.9044
401.5381
399.2396
315.1721
434.7943
226.6128
297.2986
320.7718
514.3103
333.0928
250.7227
511.7827
395.2269
320.4922
554.867
357.8581
179.2106
191.5735
201.0922
518.2563
231.5234
260.8887
604.764
246.7936
319.4825
663.0199
236.8245
760.7849
192.0601
409.7083
371.822
575.5201
472.0009
267.3058
471.0357
314.973
284.659
169.5834
332.8275
880.6782
235.4765
320.2795
179.3795
699.4775
243.4874
627.1245
226.2728
274.4375
881.9684
292.1006
175.6859
388.3659
304.8559
200.3626
660.7702
304.1615
352.0035
170.1005
150.5583
419.1899
163.0566
379.1294
309.0874
249.576
177.1394
432.9762
478.5441
343.9084
475.512
710.2198
200.8657
271.7005
428.7226
207.9875
304.1056
235.8288
176.5165
169.3032
332.1254
293.8926
315.0991
440.9173
360.547
153.9617
523.6906
186.4396
389.8177
220.1599
237.6165
222.4081
222.5852
415.2389
173.4883
300.9716
184.8256
630.0349
443.5177
565.4798
294.3091
393.1825
738.963
242.2566
745.2708
240.2859
273.0407
518.8794
407.9573
595.8499
165.4425
211.5566
491.5741
468.0193
346.1669
278.7652
253.8349
268.068
186.2622
235.0209
208.0857
185.8202
499.1757
313.3479
270.4838
154.5829
127.807
318.8242
583.7707
252.9736
602.1796
360.3232
399.1033
205.2912
324.4321
162.3968
219.3922
178.6119
209.6069
266.4562
369.819
262.166
292.3713
543.6205
739.6438
292.028
285.5524
375.8764
296.8291
284.4385
564.627
177.1344
486.5081
303.8391
213.7968
359.8726
292.0414
162.6758
595.7153
414.435
313.6432
392.5825
284.8704
260.1872
240.8823
404.0147
285.1806
454.5388
277.8541
277.7644
588.6383
417.4781
150.2314
322.1141
250.8807
338.1471
190.652
375.9988
766.4985
374.8793
320.5594
247.9314
501.9292
336.6581
376.9232
291.2837
537.5472
389.6315
252.0825
440.698
304.6932
275.0317
496.0886
132.3997
187.9398
381.1033
248.2986
210.759
540.8859
196.2599
410.2733
425.1415
379.1996
352.4914
506.6407
259.6849
434.0124
162.2631
235.5085
315.3471
186.5765
313.5587
185.3617
323.1769
304.4164
179.5914
539.2907
267.8417
193.6541
682.5814
220.4865
225.3923
303.7326
159.6276
492.1256
188.0346
426.9307
515.7207
333.1612
511.2371
182.2084
324.2798
168.351
183.8038
623.1583
176.7485
394.8243
244.1944
400.5846
249.241
553.2929
289.6862
491.0031
406.2884
409.847
338.7643
383.6278
222.548
298.3231
312.1442
286.7209
239.2139
533.5159
714.3469
403.5235
463.6916
185.9223
427.6092
543.9665
229.5471
399.3987
487.4452
652.4724
163.592
232.2907
173.2361
208.3785
203.684
272.1823
615.8873
249.5869
227.9167
193.476
248.463
755.1919
366.118
193.3851
467.9159
236.1228
279.6279
321.2066
212.0137
213.9755
215.584
281.305
743.7988
428.1512
397.1733
887.8386
409.9046
467.7043
438.2551
238.7657
237.3599
282.3161
490.4681
558.7622
318.9849
403.3142
132.4762
157.0711
161.2529
177.2032
188.3891
189.4598
579.5699
233.0518
257.922
162.3465
270.1391
259.5113
276.246
357.8946
273.1205
221.4735
347.9091
361.9651
176.9145
492.491
407.3471
170.0172
352.3255
374.6321
478.3976
153.1909
398.9913
611.4763
421.5984
844.6515
416.6977
438.1246
565.95
408.961
262.4685
161.7894
454.7377
194.3898
187.4725
430.8762
519.7084
508.6811
628.735
351.8624
493.2229
193.8924
282.4442
641.7552
524.8729
226.5993
299.6489
251.577
598.309
366.4955
264.5656
455.7421
387.8593
266.006
236.4099
540.8662
419.9529
240.2004
254.6194
229.1674
191.351
179.6824
397.5957
151.9529
392.0528
302.2447
449.1896
161.6623
459.1934
440.2782
348.552
192.9179
196.2646
341.1093
592.8776
205.8533
886.3405
288.3859
513.502
497.9013
146.4419
239.437
146.3062
382.9778
445.7725
271.5094
330.8522
559.2694
284.4527
196.7749
1147.791
183.787
376.1512
289.4581
344.262
530.4955
166.6994
253.3267
169.5057
541.2262
550.5339
201.7277
298.1165
352.9018
309.9377
448.9494
165.8179
343.603
409.6141
224.0633
294.8469
137.6886
493.4326
184.1763
442.0192
431.42
206.3316
222.0378
146.5205
751.441
496.5172
203.3458
533.2034
392.1052
272.5892
384.4143
503.763
501.8942
416.1226
277.819
213.79
242.9903
199.0446
326.5517
222.7055
207.7432
351.1394
342.5919
533.0596
232.5559
264.7481
293.7908
332.5571
256.5131
417.437
556.5859
179.9907
292.9927
309.3186
342.83
172.8129
194.1792
189.3071
200.7116
666.1626
229.8391
251.5589
758.9297
208.2816
161.2516
166.5742
300.3518
514.1139
242.999
199.4726
165.8748
537.9796
269.8251
200.8594
232.2982
179.3691
328.3526
220.8628
158.3601
168.7385
477.1815
313.1807
274.0946
201.8209
402.9556
245.6142
450.9581
336.0988
340.9508
594.1196
386.7987
323.6026
568.4488
184.3606
333.0667
575.9826
343.5873
521.8297
158.7262
722.5727
220.4754
396.9224
387.8464
222.9042
314.2211
528.1048
602.321
233.6548
232.5125
208.4404
497.3062
305.042
252.5929
171.7331
258.9792
166.5517
156.2113
391.2844
162.3188
252.9125
221.3107
469.987
335.6801
339.6868
620.4714
189.9985
390.0008
159.7505
200.3509
240.6628
273.9719
672.6915
189.9795
217.0002
646.0527
212.7525
581.12
318.5833
345.2372
166.4612
234.174
318.4979
187.9069
424.046
372.6231
441.3016
153.1088
359.7319
181.9384
210.4256
397.3012
246.8014
369.158
356.6736
182.5289
412.0415
155.6508
244.2455
376.3906
218.9569
158.6313
884.6143
288.5869
283.1623
371.1897
219.0273
390.3799
872.5645
485.1866
206.7679
269.6196
210.3551
300.6064
567.4546
217.8513
464.1188
354.4033
247.3104
527.6839
182.3064
373.1188
241.8041
358.7814
438.2292
392.4149
343.7958
209.0364
478.5608
223.4229
408.3837
393.8834
593.856
185.8605
478.6212
228.2976
172.6316
536.3556
555.1939
246.954
140.5028
317.538
825.45
588.8811
375.3545
294.6722
174.9808
315.0733
347.6284
375.8108
344.0766
447.0997
269.3594
530.9477
465.0295
673.9338
183.2045
279.3392
271.7474
231.2869
327.6977
168.5487
503.1007
333.8998
165.982
393.4986
240.8082
187.4556
656.9618
297.7173
191.7222
282.908
201.6038
327.5508
204.8308
615.2744
315.4424
568.3859
527.7715
521.1409
192.4365
370.1821
352.2703
226.6634
189.3693
431.7407
223.7087
243.7611
654.8492
249.6053
565.2933
243.2991
226.9973
308.05
211.653
561.0897
266.7024
574.5191
510.5274
453.3958
242.5286
423.3268
487.3242
302.3409
234.076
251.5127
170.6008
338.0845
255.857
286.0461
251.1549
137.6979
142.9065
738.9607
286.6527
391.7931
421.3692
225.4384
227.3354
427.4702
428.1694
424.1108
241.2369
398.4971
759.3154
288.3177
201.5955
344.1441
145.2567
139.1995
342.7872
530.4105
243.3708
212.6385
214.7701
455.1041
289.7528
252.125
264.8773
196.6985
486.8469
361.4473
471.216
571.1263
271.3505
230.0556
198.5217
597.8007
249.9202
229.7066
230.8249
258.5089
466.3013
384.0586
450.6498
522.2993
417.4853
181.3547
196.6824
305.7251
180.423
373.6949
254.321
453.4951
381.1922
603.6036
256.9973
194.9343
263.2554
380.9887
288.6125
279.0719
237.7041
292.657
154.7309
506.5976
298.7352
250.66
308.0835
597.4642
286.8627
299.246
443.3562
385.0331
310.0441
438.3554
386.9803
351.5945
238.0679
424.2422
359.8109
544.0694
316.6922
192.5126
318.9733
185.4037
253.1742
240.7448
410.7436
158.4439
368.7882
300.3092
313.8873
187.7199
388.9532
371.2045
231.3719
356.0061
226.5779
401.9215
345.3775
494.6508
734.2863
204.6585
317.4147
357.6179
382.8368
276.719
252.0047
211.7779
186.6752
258.841
233.245
275.8144
484.6566
536.3373
311.8999
663.5755
224.3001
259.8316
445.1976
234.9487
335.461
515.1155
336.42
258.3916
210.9884
304.4841
691.5168
205.1452
249.5705
364.683
238.1668
241.214
289.1448
215.676
223.5989
393.7485
608.8106
335.3317
538.8979
184.2366
240.0734
452.5254
424.3976
293.8794
335.0192
530.3434
282.2119
351.4307
394.193
179.8116
306.771
292.3848
305.3982
260.544
432.6739
136.1251
241.1467
307.5306
217.6638
145.211
389.7427
295.3654
271.2449
209.6016
378.873
394.675
312.6607
557.1402
293.5875
459.5595
309.4368
359.4116
247.3234
170.0697
442.4371
242.455
199.2072
251.1379
426.8185
392.6128
336.0745
355.1062
170.4142
500.5415
341.912
373.8266
405.0726
186.5694
181.5092
477.4246
333.464
480.1369
241.8
170.8458
215.4688
288.9064
396.4056
409.4637
256.2146
258.1359
330.2885
425.3226
516.2795
399.1946
188.0236
152.693
443.4237
214.5949
469.4802
179.3673
357.1113
547.9292
220.6384
162.0138
357.1055
270.2712
247.0398
231.9846
346.6671
334.6084
761.1524
385.1423
331.6159
305.4393
200.5528
437.2938
315.0186
200.7976
510.0264
298.2639
348.5984
297.5049
278.6193
476.9659
421.8534
347.6516
499.8484
359.2156
615.4318
329.511
273.9162
508.3906
293.7008
336.9461
551.9357
214.5982
327.3589
207.178
306.9118
470.6953
263.5418
343.5888
270.5113
256.8186
399.1981
237.0463
209.8595
423.9577
462.2607
378.9218
254.1004
417.3955
447.1102
254.1178
715.181
265.1676
317.4944
159.7713
329.2152
531.3558
370.3916
722.3712
576.3699
150.9059
251.7894
509.2632
447.4125
210.895
152.4402
434.0464
772.514
228.2842
271.3485
296.9042
375.3134
312.1544
203.3244
199.0972
283.3361
227.5534
411.8344
222.0032
362.4565
239.1514
291.3932
172.9868
352.2821
